Random001.Opd=5.006868e+01;4.586701e+01
Random002.Opd=-1.028209e+01;-1.171591e+02
Random003.Opd=-9.238114e+01;1.204948e+02
Random004.Opd=1.769051e+02;-3.129201e+01
Random005.Opd=-1.718775e+02;-1.093344e+02
Random006.Opd=5.846414e+01;2.174837e+02
Random007.Opd=1.128409e+02;-2.172682e+02
Random008.Opd=-2.470251e+02;9.021318e+01
Random009.Opd=2.587856e+02;1.068229e+02
Random010.Opd=-1.254487e+02;-2.680766e+02
Random011.Opd=-9.312672e+01;2.969027e+02
Random012.Opd=2.817523e+02;-1.632812e+02
Random013.Opd=-3.315903e+02;-7.289919e+01
Random014.Opd=2.029219e+02;2.886355e+02
Random015.Opd=4.699153e+01;-3.626304e+02
Random016.Opd=-2.890842e+02;2.436404e+02
Random017.Opd=3.897331e+02;1.611669e+01
Random018.Opd=-2.847457e+02;-2.833600e+02
Random019.Opd=1.907848e+01;4.125897e+02
Random020.Opd=2.716906e+02;-3.255761e+02
Random021.Opd=-4.309008e+02;5.797710e+01
Random022.Opd=3.654970e+02;2.543033e+02
Random023.Opd=-9.997358e+01;-4.443926e+02
Random024.Opd=-2.314433e+02;4.038995e+02
Random025.Opd=4.528269e+02;-1.444641e+02
Random026.Opd=-4.402024e+02;-2.033847e+02
Random027.Opd=1.908426e+02;4.560086e+02
Random028.Opd=1.704355e+02;-4.738542e+02
Random029.Opd=-4.537901e+02;2.384993e+02
